
 ---------------------------------------------
 Run case  1:  -unnamed-                               

 alpha        ->  CL          =  0.544438    
 beta         ->  beta        =   0.00000    
 pb/2V        ->  pb/2V       =   0.00000    
 qc/2V        ->  qc/2V       =   0.00000    
 rb/2V        ->  rb/2V       =   0.00000    
 slat         ->  slat        =   0.00000    
 flap         ->  flap        =   0.00000    
 aileron      ->  aileron     =   0.00000    
 elevator     ->  Cm pitchmom =   0.00000    
 rudder       ->  rudder      =   0.00000    

 alpha     =   1.91843     deg                             
 beta      =   0.00000     deg                             
 pb/2V     =   0.00000                                     
 qc/2V     =   0.00000                                     
 rb/2V     =   0.00000                                     
 CL        =  0.544438                                     
 CDo       =   0.00000                                     
 bank      =   0.00000     deg                             
 elevation =   0.00000     deg                             
 heading   =   0.00000     deg                             
 Mach      =  0.700000                                     
 velocity  =   250.000     m/s                             
 density   =  0.380000     kg/m^3                          
 grav.acc. =   9.81000     m/s^2                           
 turn_rad. =   0.00000     m                               
 load_fac. =   1.00000                                     
 X_cg      =   65.2686     Lunit                           
 Y_cg      =   0.00000     Lunit                           
 Z_cg      =   1.16559     Lunit                           
 mass      =   77146.0     kg                              
 Ixx       =   706684.     kg-m^2                          
 Iyy       =  0.270824E+07 kg-m^2                          
 Izz       =  0.330763E+07 kg-m^2                          
 Ixy       =  -0.00000     kg-m^2                          
 Iyz       =  -0.00000     kg-m^2                          
 Izx       =   26994.4     kg-m^2                          
 visc CL_a =   0.00000                                     
 visc CL_u =   0.00000                                     
 visc CM_a =   0.00000                                     
 visc CM_u =   0.00000                                     
